39 419
64 409
93 399
124 389
155 379
190 368
217 359
246 349
274 339
299 329
327 319
352 309
378 299
399 289
410 279
414 269
414 259
410 249
401 239
402 228
151 709
160 699
170 689
180 679
190 669
201 659
211 649
221 639
233 629
243 619
255 609
264 599
276 589
286 579
296 569
307 559
317 549
327 539
338 529
347 519
358 509
368 499
378 489
388 479
398 469
410 458
417 449
429 439
438 429
450 419
461 409
469 399
479 389
488 379
496 368
503 359
510 349
515 339
519 329
524 319
527 309
528 299
526 289
524 279
511 269
490 259
476 249
470 239
1214 709
1204 699
1192 689
1180 679
1168 669
1156 659
1144 649
1132 639
1119 629
1106 619
1093 609
1080 599
1068 589
1055 579
1042 569
1029 559
1016 549
1003 539
990 529
977 519
964 509
951 499
938 489
926 479
913 469
899 458
887 449
875 439
862 429
848 419
836 409
822 399
809 389
795 379
778 368
768 359
754 349
738 339
724 329
707 319
691 309
673 299
653 289
628 279
594 269
566 259
548 249
532 239
518 228
1258 429
1233 419
1205 409
1169 399
1137 389
1103 379
1065 368
1035 359
1000 349
964 339
930 329
892 319
855 309
816 299
774 289
728 279
689 269
654 259
619 249
595 239