39 419
64 409
93 399
124 389
155 379
190 368
217 359
246 349
274 339
299 329
327 319
352 309
378 299
399 289
410 279
414 269
414 259
409 249
401 239
402 228
152 709
161 699
170 689
180 679
190 669
201 659
212 649
222 639
233 629
244 619
255 609
264 599
276 589
286 579
297 569
308 559
317 549
328 539
338 529
348 519
358 509
368 499
378 489
389 479
399 469
410 458
418 449
429 439
439 429
450 419
461 409
469 399
479 389
488 379
497 368
503 359
510 349
516 339
519 329
524 319
527 309
528 299
526 289
524 279
511 269
490 259
476 249
470 239
1213 709
1203 699
1191 689
1179 679
1167 669
1155 659
1143 649
1131 639
1118 629
1105 619
1092 609
1079 599
1067 589
1054 579
1042 569
1029 559
1015 549
1003 539
990 529
976 519
964 509
951 499
938 489
926 479
913 469
899 458
887 449
875 439
862 429
848 419
836 409
822 399
809 389
795 379
779 368
768 359
754 349
738 339
724 329
707 319
691 309
673 299
653 289
628 279
594 269
566 259
548 249
532 239
517 228
1258 429
1233 419
1205 409
1169 399
1137 389
1103 379
1064 368
1035 359
1000 349
964 339
929 329
892 319
855 309
816 299
774 289
728 279
689 269
653 259
619 249
594 239