43 569
67 559
90 549
111 539
133 529
150 519
168 509
253 458
277 449
304 439
328 429
348 419
370 409
392 399
416 389
438 379
461 368
481 359
499 349
268 709
278 699
276 689
284 679
294 669
305 659
315 649
324 639
331 629
334 619
336 609
342 599
351 589
360 579
371 569
382 559
390 549
399 539
409 529
417 519
427 509
437 499
447 489
454 479
464 469
475 458
483 449
493 439
502 429
511 419
519 409
530 399
539 389
546 379
553 368
556 359
557 349
1055 669
985 659
942 649
900 639
881 629
862 619
849 609
848 599
839 589
821 579
808 569
794 559
781 549
771 539
756 529
744 519
730 509
719 499
706 489
696 479
687 469
677 458
670 449
662 439
656 429
650 419
643 409
635 399
627 389
622 379
617 368
612 359
606 349
602 339
1242 639
1230 629
1211 619
1192 609
1171 599
1150 589
1128 579
1107 569
1086 559
1064 549
1044 539
1021 529
999 519
978 509
956 499
934 489
912 479
888 469
864 458
843 449
823 439
802 429
785 419
768 409
748 399
727 389
707 379
691 368
691 359
695 349