24 439
46 429
74 419
106 409
139 399
175 389
211 379
250 368
281 359
315 349
349 339
384 329
420 319
454 309
486 299
517 289
546 279
569 269
154 709
164 699
174 689
184 679
195 669
206 659
217 649
228 639
239 629
250 619
262 609
272 599
284 589
295 579
306 569
317 559
328 549
338 539
350 529
361 519
372 509
382 499
393 489
403 479
414 469
426 458
437 449
448 439
459 429
469 419
479 409
491 399
502 389
514 379
526 368
536 359
547 349
558 339
569 329
580 319
592 309
604 299
614 289
626 279
636 269
1202 709
1193 699
1181 689
1170 679
1159 669
1147 659
1136 649
1124 639
1113 629
1101 619
1089 609
1078 599
1067 589
1055 579
1042 569
1030 559
1018 549
1006 539
994 529
983 519
971 509
960 499
949 489
937 479
925 469
912 458
901 449
889 439
877 429
866 419
854 409
843 399
831 389
819 379
806 368
797 359
785 349
774 339
762 329
750 319
739 309
728 299
716 289
707 279
699 269
691 259
1271 429
1255 419
1228 409
1196 399
1163 389
1129 379
1090 368
1058 359
1023 349
988 339
952 329
919 319
884 309
852 299
820 289
790 279
768 269