815.317626953125 252.83099365234375 974.2606201171875 363.03167724609375
756.4049682617188 249.76309204101562 831.5752563476562 305.5776062011719
37.1215705871582 257.07244873046875 105.26544189453125 291.63665771484375
640.4298095703125 246.419677734375 677.7677001953125 280.00860595703125
530.5301513671875 242.83157348632812 589.8504638671875 291.4986267089844
271.3792419433594 253.1397705078125 307.2554016113281 277.81927490234375
87.9429931640625 249.76974487304688 156.88388061523438 287.4004821777344
735.6739501953125 249.57684326171875 776.28955078125 289.34619140625
0.0 284.4027404785156 31.732959747314453 395.8623352050781
701.0396728515625 248.60235595703125 734.8709716796875 269.78082275390625
575.650390625 240.49835205078125 605.9156494140625 280.72650146484375
602.7008056640625 238.94012451171875 635.4044189453125 265.37799072265625
352.94012451171875 251.85198974609375 378.7410888671875 268.17669677734375
954.5050659179688 254.720947265625 986.9743041992188 284.665771484375
